1.1023335083050612,3.6182325424926143,0
6.581766582876035,3.014114718347786,1
6.118041159845109,5.940555422428547,1
2.1286270750264435,3.950729232896731,0
7.816797538870568,1.5179867398295366,1
7.072861732110396,9.970886168256754,1
3.0153068736460122,7.268313893637552,0
8.112002753738256,1.4761257029140484,1
3.7044213836140605,6.2016988087220195,0
3.575270055647052,4.371866059440716,0
8.945630751489752,6.306288554223247,1
7.369778320746876,6.769523515510526,1
4.0107146697285305,4.297009036701186,0
9.044523614306174,3.3432302419565527,1
7.205515337171738,9.86999191194251,1
2.461964139509747,5.495833652058659,0
0.8703047831649868,2.6554257721252137,0
0.47065021153998354,0.7671300725024233,0
5.292321098507314,8.980555262824728,1
2.67034846751912,2.4542887536596156,0
6.390647674236436,1.3170092089072738,1
0.2804214015575668,5.7997057011275635,0
3.289330722393975,8.421005635277831,0
2.6254605823557666,8.24371424163368,0
9.460160598536872,2.6585186994285417,1
1.3525549390143021,2.3560669482618337,0
3.8651532262670605,0.0997765175317955,0
9.923008116620988,9.029099542828726,1
6.615781596402213,9.693481410522596,1
1.2784830156290217,2.2355042590235987,0
0.448231992358602,3.346368909466367,0
7.741875831909573,7.332275625437147,1
5.8051019002827715,7.35375852519581,1
5.700307106441284,5.403075523731839,1
3.422906810041698,9.615411766386922,0
5.423112037776288,8.544648525793592,1
4.03900606624198,5.8962476884913055,0
7.380868212508802,4.330346008693967,1
7.921782851199435,8.773243991901072,1
8.205037956649765,3.939880206906966,1
0.3619734681296438,1.0739519589214053,0
5.516747954281222,6.417434634675443,1
8.232781976535328,4.225144394605983,1
7.079651505986856,7.195335756677002,1
4.799357031653009,5.118648040223598,0
6.234018629885193,9.142996059598952,1
2.507946141802506,5.342437969918754,0
4.050509685079566,2.5264726777366064,0
3.3382091673765135,7.671572548498177,0
7.466773530852684,9.272218426943278,1
5.251420899867511,7.1769925680987505,1
4.083493881877393,3.041955975024173,0
4.837525103417011,0.5031504055614011,0
5.007991383654601,6.098535869585923,1
3.16882266251549,5.193734302800213,0
1.4125979312618087,4.75943993946222,0
1.1257105067838002,5.255372816998696,0
0.03963023294657142,6.780834011022897,0
4.534341452596213,5.502700373425964,0
6.322544694197058,1.6424593117056818,1
0.6806375937190845,6.852801640123774,0
6.896589626216377,0.8110638812334747,1
1.5053538802107314,6.4836643611080245,0
4.732106421117109,0.017689360939757703,0
3.5165041689322174,4.684775730286307,0
6.772112806394226,4.258720567739413,1
0.14369506978473168,9.786398583278629,0
9.052640830904672,7.728487710634174,1
5.709672987274907,0.5182993577473383,1
6.225115902582745,8.774675059946592,1
7.969240236436387,3.430847873143359,1
3.9810468818552778,5.445809201604237,0
8.352644287845749,5.1720613264839415,1
8.290814445989714,6.8827523494203104,1
4.118258244502659,5.105999537103277,0
6.54845517077896,4.924654903491495,1
9.221827734201948,8.202532893989869,1
7.280238812670733,6.835485583488422,1
4.235423558952585,8.410328048954604,0
6.288841500284789,2.5610817137933415,1
2.999864320906082,2.2516039612188865,0
1.3811051545994335,9.513620288478657,0
6.0341121364306165,9.625301008891789,1
0.5281746092601358,2.587453332742793,0
9.095034698526684,9.385062729900342,1
1.2024916832038224,7.847245918212558,0
4.798279206938925,2.7809082060719916,0
4.507251045805419,8.231472736144363,0
1.2096929219110752,4.161343086634383,0
7.694857369699461,7.588112531604445,1
1.0805899173630784,8.963220189177969,0
8.810266479170302,1.1150019837653602,1
1.8756388046037442,4.945365096094423,0
1.9931876048953723,5.874024960947746,0
7.111311000152809,0.20135024726758877,1
5.186022449222199,9.922145390102017,1
8.546021782390198,5.4827545329789595,1
9.847101372142745,4.8346883667785026,1
9.543219108926344,0.01378652991308682,1
7.273634859018429,6.344747023047717,1
5.312210517057104,9.47731770252194,1
6.070239727939849,9.225408123617399,1
9.510304509184337,8.8308582236836,1
6.618702737537612,4.445810803079642,1
0.3372079587207899,0.6702507062836571,0
0.5816171348074795,5.159417844669207,0
0.11828075719106379,1.7514486109377658,0
1.9410638884115794,9.909723556309283,0
5.203576347991738,9.182458651054924,1
8.78722977960054,1.5366906667996771,1
9.028574340844205,1.110547853581082,1
4.781892765461291,7.817172180389451,0
0.37590729075247187,7.844134052284532,0
4.762348221191408,1.7616695479001054,0
3.6046321207525276,1.8041988138685128,0
7.605223529176794,9.50643251334229,1
6.00394589465113,0.36397950650777444,1
3.312111421558418,2.0551109859242422,0
3.590939704716315,9.30714322065208,0
2.0085338132396515,7.620861600375028,0
5.960986261584159,6.567535937580624,1
5.101141661054733,6.744463262953295,1
0.2004077474844368,3.5584543383806135,0
8.214795848494127,7.386589907232026,1
9.368861807986118,0.963710271403253,1
5.931076368656422,8.057849202023462,1
4.732913769331667,1.0050259081725,0
6.211881046963081,5.5286479464795635,1
2.712129468461729,8.481064046203434,0
5.660705598986516,7.314095422594958,1
0.7376203257883063,7.010224952265527,0
1.379863727333216,3.3674418834199074,0
5.487669919988059,7.151130088687826,1
3.149425966528675,8.129554397147196,0
4.164923396687748,0.5498982473581515,0
4.2056744131820825,8.143836362334119,0
2.053908293231572,0.3571025411335971,0
8.710133712551468,4.986173224188583,1
5.351235991464077,7.069662240256507,1
4.1402790456712655,4.935798927568257,0
8.743987575529008,5.7475981526352,1
3.334025263903626,2.800219561823921,0
9.495435346364873,3.856221176994643,1
2.721100199469215,7.896149514109628,0
3.117885215573193,4.45956322282996,0
7.3020894367979245,8.120246966885194,1
9.090789931718108,7.789080540436203,1
9.919662803764616,3.3894234140649204,1
9.772157282414254,9.026494133700277,1
3.4486889721095872,7.861959110911179,0
0.6124061478173926,0.9511419081382477,0
0.46840897094613254,9.249641873830695,0
0.7552743162034392,0.18542100458107447,0
7.674243950659632,1.9717097139101447,1
7.412493303463338,4.035944256053769,1
2.749233781998781,8.02098629460929,0
8.525724515799023,5.200934978914226,1
1.820448785297164,6.688916463112212,0
3.1108889301465537,7.312316687195704,0
1.606757093685186,8.329181034541469,0
6.966553588790928,5.186365740064635,1
6.652165960961249,7.971824133613722,1
1.4761483007515797,1.600938439739883,0
0.14719638231276755,1.3304485988345482,0
1.386678105903112,9.830770796990269,0
8.7793848046817,2.0942373988655847,1
9.872357255211831,4.795519814074819,1
5.381122848663637,7.749922263864473,1
7.842233799229624,8.147272753342104,1
4.683414143258625,9.143443989151244,0
5.570145822659709,4.4824234404400665,1
2.396555895938932,4.545515365826641,0
8.861317075037991,4.2617399147717725,1
5.664094978659478,8.679054048246451,1
8.99098166118286,2.713895179696636,1
9.288115101021878,6.482798750885754,1
1.4601129808525903,9.020351345555111,0
3.364318494884043,0.6790779188194906,0
2.420192197816297,4.754963550942452,0
7.062123990825987,7.0035713495166245,1
8.020024733331349,7.024995815663937,1
6.537987444676316,8.950763061583372,1
5.023129202633459,7.112102993363618,1
9.038935120277962,2.442641082036354,1
5.130912854303224,3.6183281569362578,1
0.2852264651465697,8.885830839821226,0
5.459522531343627,3.5892297301440323,1
6.488489262837786,0.3327374757296919,1
4.8114788143959455,4.256572900683202,0
3.290812087679292,2.7074286714034104,0
0.6279250919391921,1.6680032750849405,0
4.724130582372439,6.409833580421784,0
0.6356817845743745,2.8936698842793964,0
2.968653912374916,0.4481553093199986,0
2.3358718150294644,3.8310029980197124,0
7.619458870976986,4.925554234053373,1
6.8396843307842214,6.453597087734067,1
4.279055801639851,4.41036977828272,0
4.806698910334651,2.2830045062001627,0
8.82446642127613,0.03507723291100162,1
8.541086384629006,9.863747911296079,1
1.4514352088127669,0.10495268134431357,0
7.50049015039921,4.779166303703636,1
7.190344371228287,0.12085394635498403,1
9.820954387326303,8.188103960008082,1
1.0252681448663836,0.5086982282649066,0
8.854001315603112,1.6763346097864362,1
5.253703616205433,6.139326989712881,1
0.24776134391844562,1.5260571160043956,0
4.516712490943276,8.552710681311202,0
4.070577957650583,8.727828913025611,0
9.98976143191148,0.9409569019435859,1
2.8505603799636137,9.479296127381346,0
6.898747806259607,5.207069978559043,1
9.89113817901228,8.750101900340566,1
7.9997349480338436,4.474809635041133,1
2.6590617406354324,4.45210585989545,0
0.9970612790882716,7.470168618776505,0
0.5659908204146014,1.2678147001423934,0
8.676304436475599,8.836138866493101,1
4.267456760669779,6.640150252233666,0
3.289874443438554,8.8940848415344,0
0.9537184190051229,8.663747924225827,0
8.873918478293772,3.2993874111555477,1
9.068062432249857,8.197108923107667,1
2.569999723084054,9.021494446696172,0
8.63749604816051,8.710015824591526,1
7.560416853594573,8.478194620020115,1
1.7983240772453968,5.277891892750729,0
7.56191923310439,7.985541391785206,1
2.5213127595735685,2.7715480283576808,0
2.8790011058025247,2.0109826921959573,0
5.977306437165746,6.164032432930552,1
0.5645741973541141,1.308176141807147,0
1.3102125266918263,8.843808876623786,0
2.7317608129520767,1.0461344847471676,0
1.9740125120708218,8.160310265576593,0
7.012433555497539,8.916473157675966,1
4.283453247698619,3.0791478376156856,0
8.621862494731406,1.6209373235561797,1
2.251179984555114,3.386258042850203,0
9.29323385121351,5.7803831944789295,1
7.598589350475693,4.436822498142919,1
5.625909011517796,2.1910814293415126,1
0.41509193566521274,2.4423245830375597,0
6.242537102435467,4.850248176791144,1
4.624452504132845,1.8735933887997347,0
7.443900019359992,0.5777741676359183,1
9.297935977431738,3.4789420050594897,1
5.640136990250104,6.412883058337112,1
2.7431918736417957,2.4447259689760137,0
4.257172548953814,4.1022967169860225,0
4.12482154780373,7.265594568051474,0
2.650545540094159,5.310906010151449,0
2.0339957657252548,3.0965175540552394,0
9.718466431237445,7.148972057679764,1
6.9456338653430905,9.56143237461421,1
2.304812008856688,4.819926582788244,0
5.3878573119046145,4.116700382810253,1
0.9929845665798565,5.698628033478382,0
0.6298831116810821,9.809327286190518,0
0.3426827093864271,2.021161258904147,0
4.738044895252424,1.3397826394690782,0
5.214383581162463,9.703379897459843,1
4.9302154288384825,0.12207673223743165,0
1.28614357976773,2.301640344661522,0
3.531397329310868,9.935543495943724,0
2.4306971670694146,3.5319973015082287,0
7.0379411111040655,4.279184348540386,1
4.602883493108947,4.347581946186682,0
8.083748283261185,4.416211061626356,1
2.5242611254426905,9.65736863549403,0
7.967599036533532,9.53484083791155,1
4.473346776203543,4.706140879686935,0
0.49034506576932646,6.296425184491269,0
3.547325681021074,8.379329822479738,0
7.171280708737355,4.849835237344882,1
7.0837832715898985,6.194930772021001,1
8.15054054009207,4.508085311896042,1
3.482361782706734,9.971668338901171,0
2.235077918581486,6.000371798119229,0
1.2014495056094243,8.512361272475486,0
3.715307390228383,1.0584998535882317,0
8.219308480114298,0.07230279331275957,1
3.2889842632397928,1.0796526837370368,0
8.966305889914995,9.11956004745848,1
3.914179289086548,6.627359613050134,0
8.304698953876397,4.963378432868605,1
5.722463784167113,3.471605607468634,1
5.968533199244407,3.076430549472268,1
6.880053355529444,3.27094698399222,1
2.3985440060205865,5.7948370402262315,0
6.7744279215503465,5.949066714815146,1
2.9074019495561156,3.504066819597628,0
7.912592081637713,5.589695572647898,1
4.2493396104786445,8.578486873432364,0
8.309984198991469,2.2592676633769484,1
4.75431657774773,4.645012471446169,0
8.790276773570287,8.23534927192076,1
4.011599556995419,1.1141769325596862,0
6.957473946120913,0.1256094411227182,1
8.048431081189717,8.728923270460317,1
4.550428451311085,8.31152171481748,0
2.637777152316171,6.728696347158251,0
6.363607455545188,8.148153236913979,1
3.98105860195673,8.56629009060797,0
6.015368993904927,5.66783693754074,1
5.891721037202186,6.660465206683944,1
5.424581105803283,4.877502170266967,1
6.726179871951084,4.038839792872835,1
9.097014821943628,5.935535389121659,1
2.2105017447874364,3.4671373534670424,0
5.055209686347046,8.642779349814317,1
3.2582821581385124,5.126428543579723,0
3.8795795013057544,3.60963970756796,0
5.731386652711651,6.679138123342691,1
0.17363637713743385,6.31115466956971,0
1.5000297282616004,1.9138947595787648,0
8.17104057893579,5.63212116555772,1
3.789242887616029,0.816178663796675,0
3.280296911350743,2.3406842072626146,0
8.829109691682183,7.140978924561119,1
1.334890815779316,2.9991167399969676,0
0.017373538153875323,6.323124706008148,0
8.567826595344911,9.003240201103269,1
7.816403634638362,2.432088912237227,1
6.641609649779662,2.0232721871373807,1
7.141091082926959,8.218840521061004,1
7.357794640140236,4.961544274977468,1
5.2508763291434954,4.078298299328234,1
8.041618251320962,3.856666692966151,1
9.892902531789197,5.4455643919420735,1
5.346363200714776,0.2588668251228532,1
0.43611444721104453,9.299386394162042,0
4.625301902303018,9.470671370721181,0
5.454641490563972,7.9001189693822225,1
2.1127275022519654,7.281163165930339,0
5.7861492902193925,1.3289180859046568,1
3.004884534756128,6.971078170840696,0
0.883966850966722,3.791980624244693,0
9.321583835926878,2.2272351387341613,1
2.3659064186172896,4.98150950227846,0
6.637091853457432,6.802186666848416,1
6.107024718199439,4.1454649013721045,1
1.014517532321998,1.2243845895768302,0
2.044346990323752,8.36710762512495,0
5.875586436347153,8.193882360697371,1
5.086591317793436,3.2950598922235996,1
0.6747174785435917,8.726871854170724,0
2.8409912132859305,0.5654860546325147,0
3.4305287804830478,4.556183103402045,0
3.368238849823151,6.89765742340268,0
5.826745044057704,2.9973899359112,1
3.067315550268269,6.163620502764433,0
4.270251221657756,2.1162907775086106,0
3.5583112120795555,6.497311450559209,0
1.7389738441490044,6.323963235877393,0
7.389790837684869,7.8675379518286555,1
6.508475841164255,4.571716462599968,1
3.7414282095858553,7.525930250818659,0
0.6239015316826424,0.11546273599029155,0
6.280771060400051,5.4546840590421635,1
0.6088329794840042,2.1137963248492175,0
7.6283025927185,3.1466358658763314,1
8.194770770364928,0.1860617945339127,1
3.376852830124334,6.870734433395143e-05,0
2.6172370094806707,1.855159191498038,0
9.498416251514213,5.439987182863957,1
9.132174942540647,1.9962140094331104,1
0.4691496746203039,4.6768590949144775,0
6.61603284460491,3.1033377895539505,1
1.777162713095951,5.561811393488519,0
9.284959928295237,5.625636425446251,1
5.511667137025318,7.368496168769571,1
9.957386355450133,8.995704458001342,1
7.034245498044225,9.853784459197389,1
4.175257927206762,7.224585566522648,0
1.7706735233811988,1.790827314698794,0
0.20295455908086235,5.120693004776413,0
9.466278606321731,1.4682241250261185,1
4.187209993435262,0.429676234662959,0
8.553366498735695,0.9192899803305177,1
7.369144943533861,0.05549946985381804,1
6.254120790593949,5.293167463815614,1
4.139975361553669,3.3629649624168967,0
9.506937372849539,4.409145114463895,1
7.397875660969149,5.576908699863775,1
3.7883592877883254,6.1570208455502105,0
8.668762295170637,0.1868396825621299,1
0.9720915881967784,9.479888727186335,0
8.491653699497268,4.715936611578879,1
0.24564995862898176,9.428864936614406,0
5.169608146966654,4.375654490750139,1
8.68615357918834,4.691142053252802,1
6.0369136373883725,3.9550086564208176,1
0.23702929408342732,6.462984567983715,0
4.997267536078276,9.778997748672973,0
8.483060269933336,9.348994461668727,1
6.110766130626127,4.6281953653857535,1
0.8122486794585981,9.480009634428637,0
9.199170048681067,3.173688361106354,1
6.8078616812884185,2.819806692866329,1
6.01774778269752,6.271670731857465,1
3.9739104395102465,4.796362607222186,0
3.0787457935056475,2.9242628079541166,0
5.483746327935577,6.634941270141477,1
8.677701020515178,7.727253085763271,1
3.2300020292180953,8.634476917990458,0
3.951485825130864,0.2507964190319967,0
8.061534567293087,2.410048954144827,1
9.373964049666304,5.305407386346568,1
9.936604367636717,3.5048832704782216,1
4.138707259974247,8.092992462302618,0
8.645304396767063,1.9738460212951359,1
1.3688286795734572,4.745759628245471,0
4.3125532772058115,3.6578077632260553,0
3.576958607541052,6.771429195186803,0
3.8949042840979873,3.0858426087681625,0
3.7551520740011215,6.496664181321745,0
8.370788027573216,8.175214186627528,1
1.8914150699889876,6.664052223493892,0
8.350856439349007,5.067311793634815,1
8.451815532695797,0.5764964894811997,1
6.8307419241963,4.564661509258676,1
5.921375372378276,1.8285398682915466,1
8.130231630135338,6.205371120282307,1
2.9484999615707066,1.6587467690216173,0
7.8552415022071,0.45508960593497294,1
9.165589225023865,7.8069966154049855,1
6.433523095669065,6.396276523756864,1
6.432342943902337,3.8700109983429734,1
7.039505779605628,3.6801745747462022,1
5.780370135970459,2.8691612996813767,1
6.572605868863875,3.8615490061779765,1
1.6668084695304974,1.5900952688475911,0
6.932549655334634,5.518121674647181,1
5.519836432515315,8.92480648390204,1
5.402736550569987,1.7938032993593245,1
4.933509015909179,1.5246855238196277,0
1.7493226216333158,5.977971136765796,0
3.2148887759607234,1.6452289281045562,0
5.227169006085079,4.349010020192336,1
0.8906807329475075,8.856763311555467,0
4.544097523059692,4.994545687446379,0
3.2980688054963503,3.698582608866986,0
4.713369331834069,5.671444327809715,0
6.799702258244309,5.069032358519168,1
3.080940514362369,2.242002431305783,0
2.768487631721299,7.70827245793509,0
5.455357221996592,5.1708983198276925,1
3.6611988846515677,0.27729113645502235,0
4.564575373470207,1.0413209400299062,0
8.43935617778105,4.619377974079998,1
6.313258048277906,4.416250274597418,1
2.244898329110611,1.2484244171385528,0
9.111856360822179,1.5891516478897538,1
4.059322911170953,1.0069641529766593,0
4.148534400331893,1.1198672955113542,0
2.414709426268563,4.053289141642194,0
6.0413374296997615,4.967531435820903,1
0.8923007010453232,2.487614923947702,0
1.3363274111043189,0.40333678556140673,0
5.968576901554442,7.081597663994016,1
1.186848711917593,6.17733249228825,0
3.980887180675956,4.9877544494766894,0
7.981304088505866,1.5376982388478855,1
6.0617827934924575,0.11207218578677791,1
4.524967198576816,9.83758966983423,0
3.724588463728681,8.930221489779388,0
1.30598370831295,9.780656110622704,0
2.8325924135486824,4.009756922885012,0
5.257669870472851,8.835180193234965,1
6.465813737223117,5.476993371043984,1
6.096482151827497,9.520253439938193,1
9.120101232860446,9.071017502082636,1
5.698523385797647,3.2309299719346996,1
8.374352001909784,0.8236045217957533,1
2.4484842980434953,2.2630782151741737,0
5.8388618787783395,0.9786444246772452,1
6.732019289445801,4.135534412774222,1
4.110908615486435,7.658821615765639,0
5.6802768043990115,8.018897362101114,1
5.733580259906068,7.50082499922076,1
0.03998103677226861,1.5572360756886017,0
9.917184940455236,9.669370008930551,1
8.762958460826388,0.8880800473227712,1
6.363837450047997,3.7920168739996694,1
2.6566298133706514,6.910821380116033,0
9.356973087315769,9.996320559716619,1
6.981218489919762,2.8592444555140792,1
9.967919640843235,6.878915855499983,1
0.971970269696415,7.426944183985501,0
1.639189838973032,8.739918499175234,0
1.9191890384957733,0.37986282125420434,0
1.2022530678257182,4.150930678197419,0
6.729293867654152,8.76718177151725,1
9.872257483785852,3.502306243848099,1
0.30559394278741325,6.392004928655403,0
3.3341605962359147,5.981768103324318,0
1.46804315669966,2.6289646204293424,0
6.8191868885334515,9.923810645554985,1
4.660386619187394,6.799214173588543,0
1.0906896843622604,0.04508138173359599,0
7.157549506472164,5.223107557569914,1
6.875013747752686,6.674363640980895,1
9.105547631549767,7.14482535547225,1
0.3636467568581825,3.945826542187646,0
7.1080672622091114,2.701043212893084,1
9.340540548931068,2.258984324568023,1
7.240711561322847,8.760641964243941,1
7.476169456817539,6.411327976390563,1
6.189112554903793,6.582640435307207,1
4.7700967199517255,0.31333009674881507,0
2.9313902995733754,6.058838253325859,0
7.051295699197131,4.5139827055634,1
9.278810294882868,9.808782822371095,1
6.0682905856942835,7.702955922288288,1
3.4974733616790656,9.215488070342117,0
2.394328007117139,1.94248557700473,0
2.839403196494632,5.406686650796727,0
8.796365874658987,2.793815095859842,1
0.7695011834491539,6.06666425414242,0
8.784487308157395,1.5487854082162467,1
2.913492249399039,3.095323941673489,0
5.849821236549742,4.572351830577565,1
4.033514073026764,6.952500721158467,0
0.6518128087520092,9.910360799696491,0
8.925274569723559,6.713358893710701,1
9.821508221163683,9.685799307798082,1
3.5100560400007828,9.813318029178944,0
6.245171675199016,2.4626137218369824,1
2.3997548872741326,5.925694086282216,0
6.469911316838672,2.928661326894556,1
6.788649792240947,3.8395051439128167,1
4.1735966951494365,9.51644539184661,0
8.629657870361067,8.879631814150308,1
7.363927593248752,0.8813385600748169,1
9.38709666426678,1.308413702153851,1
7.13837191017843,7.018007056449602,1
2.3956392929208556,0.8867346756699546,0
1.2284508834945917,6.658358801810249,0
7.0360187105637495,1.7348580607844044,1
4.854566591113504,0.4172822558067024,0
9.916670611294766,7.114823211518912,1
7.187552787928153,5.45038689743358,1
6.991515644793351,8.844566583943012,1
2.9310967742950678,2.7177735622677224,0
9.83425141040598,2.294601466974231,1
9.084572742052796,2.6878250559940686,1
7.288307492795852,5.512103301776248,1
6.764594856003566,0.33281969509940335,1
3.530259617364264,5.574150808882886,0
7.260669792371748,9.164304788144882,1
9.08346896617824,5.614623763198993,1
0.3685296161404872,7.73437248562738,0
9.351321222978621,9.817318959889228,1
2.14455586581472,3.8417006493413473,0
1.017221646473403,4.451296658890163,0
7.5803446099906955,7.6718350284208885,1
6.389173995763358,5.968648648934407,1
3.4989459162398164,7.661196967040757,0
3.751785850987149,2.600698060330485,0
5.31601833914689,5.619628950211196,1
9.66523423992238,8.049186929101463,1
4.193441219756506,6.074865586191722,0
4.15109521188652,7.444923082768941,0
8.11469834788685,7.6428055146099,1
3.8459714346421547,5.036920217662092,0
0.3104905783078893,8.423819509305941,0
4.1787448276105055,4.9931870019738405,0
3.9556098932513573,2.16883330911953,0
9.800403491526716,6.69717908559196,1
5.863729271623748,7.939708054711333,1
2.7248019702610238,6.020078729812116,0
1.9547787066266376,0.5729172681821559,0
2.364126081818918,3.770315329314824,0
1.8871054828715261,0.7039780027974718,0
9.905932731589859,4.411108931593918,1
0.19066223139607708,8.652637196161226,0
6.856124817697127,5.850118458805343,1
1.3917152857810922,8.188931030474725,0
2.055450376353216,6.718056955143864,0
0.6859803859927494,9.72067240849737,0
8.190559350527028,6.562238796509547,1
9.027227429993404,3.573947913666612,1
5.488876546290847,8.809149616709298,1
4.564312998518854,6.107105701837794,0
6.724101152768393,3.008560500988642,1
0.952433217792501,5.287785587706679,0
7.935228849351933,0.6448498540601022,1
1.5651442303131846,2.0996082676556718,0
2.6333287899446924,5.226653581728921,0
7.625057716499982,6.525116182376917,1
4.129847065624506,7.327588812396537,0
3.4393708796245717,2.0719371761770624,0
6.054819161573769,3.8917208197736852,1
8.48621749424143,6.542325165267925,1
8.079730925683734,7.1826849059487134,1
2.881784296027842,0.466109060815334,0
9.363149261321828,8.700140883558788,1
4.943228135656236,0.5563725943865594,0
1.9159740422488503,9.88653147284921,0
1.7007977303243993,4.595327774448931,0
9.716026407942195,3.873267930729135,1
4.675860604815228,8.348348075406106,0
1.7257715108133087,0.16139273010274957,0
1.261504518598282,7.074193065488804,0
1.393597376459229,4.446874412974675,0
0.1727031675563917,2.8594002290997356,0
1.6939165062841788,6.2361040089051425,0
4.5394068733395265,7.565815173909898,0
1.0104741608093881,6.338475163875483,0
8.053707524179675,1.5066432408217956,1
2.809996339991885,1.1154919506138028,0
3.9393346973354824,4.089503780145197,0
7.115138234273488,9.344046701481473,1
4.833726640965146,4.0095646936263485,0
0.456216833572618,8.261735592685154,0
8.651388332364364,4.0304679886176125,1
2.275686014938252,9.961305559652388,0
7.744127319999571,5.889061739724596,1
4.592816230932027,1.772704223433078,0
6.552858825938693,5.301940902140246,1
7.661543812551957,8.467541275268959,1
5.76302657143596,5.408087703608469,1
5.8523679596234945,7.547555012135599,1
9.297961896012747,8.803500115125978,1
4.907501431259035,9.911483019446814,0
5.844162722897623,1.2571402695191014,1
8.077344681714127,7.894451367994848,1
1.468056052842327,6.5750704311229,0
5.208311740516241,8.454354521892952,1
4.994729096487063,2.222575068842888,0
7.077225065584684,5.567211719819822,1
9.556676923355655,5.55837630919723,1
8.970107114295274,7.008068674505039,1
5.6820058061381395,3.5936610168825576,1
1.4831908870704924,1.6811391040133106,0
7.813648106877102,8.232055417544103,1
5.4111638425389454,1.7529522332199532,1
1.9921260909057181,3.8755427310964907,0
6.342179105589646,0.1930814139365078,1
7.483191909324164,8.807639140242436,1
6.761179531409783,7.636284383151817,1
0.28164394819711114,8.939241358852279,0
8.445923886612475,6.3014087405361,1
5.948945617860221,7.717726277006563,1
3.9114159491666642,1.2782098379598594,0
1.304046977413409,4.366568043303252,0
1.6596519736339377,9.403809419685423,0
1.7303508118268784,1.1076623005843045,0
3.844034064691072,7.226241057091488,0
8.168630594954335,9.342215027564933,1
0.660131032743424,3.6575235503162826,0
4.698056704656804,9.243542226263958,0
8.208243454299831,8.236801089899062,1
3.741444814658438,1.9414849337854712,0
9.740501492587732,6.763969686030665,1
6.602777088722806,7.350629281579298,1
8.369316956132428,5.4893821630404105,1
7.141318469726098,8.353031071200052,1
3.917618128564604,8.742977547841154,0
7.093366010739809,4.959694084634391,1
8.59022047983917,9.726852515925216,1
5.810431542594138,7.173256689772536,1
0.07424521105164228,5.009760827850708,0
0.519262728837836,0.9789610501729451,0
8.88481698941121,4.4192523183691375,1
7.211091021293509,5.976286970102866,1
9.374333380719808,8.408019917400452,1
5.15766476303966,9.152673056800875,1
9.698802236475434,6.368175115338231,1
7.362802858556145,5.7623497360398055,1
8.481536003966074,6.868185999550609,1
4.821276911701654,6.092567008596092,0
3.802303868895577,5.1423798322884124,0
8.591588448175882,6.732504576915963,1
1.1769569523961543,7.392207935020673,0
6.244509121966178,4.149588037953542,1
9.460050790512724,9.118555482493553,1
9.407343768132638,8.421121837002898,1
6.697760414685549,6.535188173074752,1
3.7442684966817117,9.384200920438317,0
4.518774626820322,9.579043055095863,0
4.212555448285471,2.2672317173802603,0
5.581841114207904,4.739887051487863,1
4.984629866311055,9.238591170088938,0
9.70345826882675,7.9844763107262695,1
0.5895434019430612,3.8432699005897906,0
7.756510253652249,5.742678909057206,1
7.243771982015761,2.23783626413685,1
0.7946213873080099,3.438341921033865,0
1.7248021999234553,3.2497286589673346,0
3.771553766951694,0.46599139806144385,0
6.265651448241213,6.127270074745894,1
9.295525940158056,3.7368507263758053,1
0.6558129717930083,5.243187138429902,0
5.718381638147022,0.30309623675004005,1
8.263727348575381,7.106128027530303,1
7.641985330512981,7.776933295806147,1
0.9498181847080134,6.618564050366887,0
4.640908783034088,8.91874042224049,0
1.4909283852072608,8.181948945115211,0
6.051015769347873,0.758962700842607,1
0.7669773575276984,0.26869356889816953,0
0.5280961350056079,1.6358984895643969,0
3.2212149050002923,5.136755221130624,0
3.2856480711297786,1.2145291829112026,0
1.2276867300664007,9.272600248080758,0
5.986639556090225,2.0029543539664054,1
9.70951872441664,9.291347958947284,1
6.384884120651645,4.998809180874386,1
6.030351073848314,4.70706692317888,1
7.894870173884788,1.8225645291905668,1
9.012039930177746,1.2731615969771715,1
2.3790565152625733,0.5624359360501896,0
9.710050125928811,1.2895301011798765,1
6.512036570445378,6.54756394730847,1
9.928346123281004,9.746844236229528,1
4.072088893212985,7.605862911313751,0
2.644154705988595,4.270294747772426,0
9.660069021865207,4.991838437998509,1
6.964117964982387,9.235691636688575,1
9.4026952125454,9.044191683830586,1
5.849696529735526,2.3812565330339686,1
7.379521453791968,5.6096500734754144,1
9.455480410604942,2.431705744565247,1
4.544453437764887,5.450596205217212,0
5.8960422860468285,3.0778885309249104,1
6.58037505698788,1.670221664950473,1
3.121053213682262,3.987218135228312,0
3.5671180819725965,2.906823944221184,0
2.409206182757393,6.530851875735247,0
0.3274626169677475,3.948130072866621,0
1.3982384758426247,7.593295930274176,0
3.9081792511770552,8.650981143755503,0
6.8442026965385665,6.418337180290941,1
6.496926382556857,3.852917782677856,1
6.531611895390233,1.0809239782046631,1
4.689458744985201,5.865934242943998,0
6.856023066586029,0.8502185320061162,1
4.417367844248897,7.968028567506977,0
1.9715794053655145,5.9742295344653575,0
1.5303356125073309,0.46620951696458635,0
2.97180729470882,4.390225357517966,0
2.9780961930501624,5.43975413183912,0
2.3416879765654173,0.46984934495057806,0
4.693233325609089,9.261405251970206,0
3.3176200880513615,5.2151428139079865,0
3.241170467601353,0.3270605974812535,0
7.843940224250614,2.651435804948324,1
5.2718174348640625,5.3072507772420074,1
4.280883072598801,4.190529981502297,0
6.875832578913368,2.0116869239185107,1
6.431702460869789,5.36992782904791,1
3.3645131926519456,5.236604680259484,0
4.727451134587303,5.815042140798793,0
8.42726124907505,0.8760680857028125,1
5.376036504604494,4.271781604863829,1
8.799689858483802,0.5912542604281223,1
5.700994145922892,0.777375128720903,1
2.8812562611895842,1.7136335765062993,0
6.042026048987967,5.78477584402458,1
9.056559146611121,9.831189479047266,1
9.82932829615338,9.697964069114796,1
7.315783740557631,2.9242083426608714,1
0.49028726641442755,3.4543524067628475,0
6.742010337490223,0.11946291123952735,1
4.564327542978145,4.1820598688801445,0
1.6218605315603807,1.406286808029148,0
9.364872511476698,6.795302483132353,1
6.393672082292414,2.507349198393708,1
0.2156216198015426,0.5723846385602616,0
9.765732388468892,1.5112416310688737,1
2.343020118775958,9.310250659012546,0
0.6083117711602981,7.318090918493941,0
1.9813857872397311,3.4121150829874933,0
1.0685513921923806,2.600801228869397,0
9.912096522305553,3.0763483790709376,1
3.0503746574098054,7.2769800823085395,0
8.375297840311369,2.646500530679672,1
8.740519570956236,6.1762462168317604,1
5.461418396084876,2.8943869588423854,1
3.3024804381997663,6.492962704014832,0
5.05637318984789,4.7720842330400615,1
8.841979203863598,5.218125117667423,1
8.89011647132234,9.470845231793737,1
9.299481666068917,5.7013417380022355,1
4.252914816818361,8.341164180867041,0
1.2527288382407709,2.7509372485000236,0
6.785714579275651,3.750906297660662,1
7.767398831489696,1.5318646259149882,1
0.08504033397513489,5.815572340387792,0
8.45714107100147,9.966515652844691,1
7.246767371151293,8.58687231015876,1
4.584168347561215,8.493435552523847,0
7.115034623889378,8.894343760536719,1
4.563182526933092,8.153390854691025,0
7.131038432561033,1.2127309777307937,1
6.356091973493031,3.7832998814636634,1
0.8366171268605871,9.817163867669166,0
3.4922633767688724,2.251782829596065,0
6.472904247638197,0.5812543530506054,1
9.068372097302378,0.9977371266629897,1
4.145558975875483,8.964940771315103,0
1.6310913946430872,3.26007100294075,0
3.873414574003701,0.5784307754584728,0
8.424930649567292,5.5686885343139245,1
6.359111670128561,1.1362730362190165,1
1.964517494464767,1.1814521837248027,0
3.4537702603831786,3.173510299785974,0
1.4209450604657814,0.966846377922238,0
6.5970315948346965,7.277803883489513,1
3.351794280414273,4.04828691381716,0
5.903156115317789,0.05692701818950652,1
4.743339898373099,6.070409251344069,0
0.476952501988569,3.6850107650584585,0
2.6053060070445877,5.266042512185754,0
8.128511877884506,2.0233082518944743,1
5.5775866385622415,2.4701750752854936,1
1.4683938706899324,2.4354894644081626,0
8.92072268318557,5.975357428667822,1
1.2048505079665728,0.21412111182525062,0
0.13128436859782155,5.725488263705753,0
4.906112098120433,8.352418608643317,0
3.0650288090560696,1.3438337205224382,0
1.601121700001794,5.161049175614355,0
4.910603960941633,4.907897990257465,0
6.443394256629162,3.0080743632144804,1
2.2729943826276466,6.773237527646703,0
8.93358474870914,2.258172904738812,1
6.962064800119057,3.510278816917137,1
0.9165153589064989,1.0735760340456324,0
1.1579058348785898,7.631881575987075,0
7.576365825159089,9.034584049047696,1
8.97370750782893,1.69687575191513,1
5.781294882939857,5.226517583632619,1
5.707888996566046,4.591716005897287,1
8.191354025683015,9.610407266551114,1
1.7532164939916606,5.362769860166844,0
5.989530376406849,8.682077431214154,1
7.841518601994584,2.3352697180840734,1
9.523639110172336,5.527630649048968,1
3.6639854232984916,1.4360344919837154,0
7.802509919673475,5.983133749493775,1
9.390364590211917,9.828800880402754,1
1.619074689861778,4.68754155994687,0
9.449870447503883,8.02898628477157,1
5.374807942756745,5.087599697562149,1
3.2407942587093275,8.959796246546013,0
7.084345246882493,0.6855352143048998,1
0.4536435369154812,4.365817328267097,0
6.99747027601239,2.914087168622872,1
8.889815639814984,9.68015590603694,1
1.944168770416771,0.4426662417073812,0
0.26146984082054625,4.162897111947556,0
1.6636235448164771,9.952908614780009,0
3.8591757567551066,6.790116449732433,0
9.08016160089463,6.574064643205336,1
1.7999896351287648,7.33909310278983,0
1.257531324852601,9.178444079226814,0
4.363815294484638,7.3749356172248355,0
5.0261219099794765,2.680394022009037,1
6.206053549897149,2.3416630763549207,1
8.512383951514952,1.9728213403583195,1
6.526587211483999,3.883552234424217,1
9.752198612231785,0.3537305024855375,1
0.17287118073497254,5.043930958143811,0
8.86018929513144,3.0560512651405594,1
4.501753955714783,2.014982212688631,0
2.019055562776466,2.90390087533745,0
7.710881520678687,0.3276718611461116,1
0.6567028214574167,1.989963798863642,0
1.240496361915644,1.557156999461683,0
4.188993553673587,8.956052950348855,0
5.919535805389742,9.556468290913543,1
5.184185628989477,9.6783260055236,1
1.0736500324018805,8.201133231273536,0
7.4075248264270375,6.063174236441057,1
7.3579451210858675,7.146628313729026,1
8.832178665947533,0.553230917875277,1
7.21387582704658,1.9498199620058887,1
8.529635364878649,4.793127079559043,1
5.943131506464814,0.3999941884830327,1
3.0468719383230933,0.4680904410664555,0
8.032734889380421,5.839625761795093,1
4.2191115491283675,8.28241122784101,0
6.461097077652332,5.0864865411425395,1
0.2899056179223347,5.7121949010766,0
7.260768880580784,4.303337167665639,1
4.371574305493057,4.205790557216948,0
1.6804898704247573,1.8970440049857706,0
1.325696850393241,1.454401428840626,0
4.670308729004229,1.7707844471765855,0
4.040849789355193,0.5919778713356882,0
0.4709266344399299,4.901804848217568,0
5.289552275048216,8.30135110342399,1
6.7751624517349445,4.44003405845231,1
8.60978775559529,1.0338482419132555,1
7.528491845341504,7.476525917464199,1
7.309868960407555,8.991548578050805,1
5.53776958072095,1.0713541728801679,1
8.319558865795445,1.593751818647905,1
9.101089883626239,9.901187017932438,1
4.166064148476939,5.709748938862381,0
5.54100663434435,5.994665524328125,1
2.7133846694065413,4.357629044143845,0
9.168417539812687,0.5130923258225362,1
0.43124625538600414,3.3279828459604066,0
3.0349717936885434,7.292827595145193,0
6.82217616857282,0.9910374199581262,1
5.932050361194769,0.9531279658980174,1
8.449241406005267,1.80908681216979,1
6.155107467009558,8.269805858336351,1
3.9206808743779886,1.8435090824253775,0
8.242502119053539,4.9053736347261525,1
7.944646708379254,7.987403190730218,1
7.581679697458422,1.289951704719282,1
6.588886284541525,4.045107796274518,1
6.2952158772326445,3.0010445698956048,1
0.9719599514419852,5.159864498364599,0
5.40745366570348,0.03711352204498697,1
1.0864974040926223,0.6033576586713818,0
8.324905188244175,5.514029264042078,1
7.676923095095579,0.1530755904258252,1
4.083905000026375,5.299372310581764,0
2.0814538115901704,1.0261093852269376,0
4.543507684279863,9.167974289003123,0
8.749342788666343,7.542785927674168,1
0.9321413368126774,7.298446851671616,0
4.175492774745305,8.774940866370088,0
7.595483339961374,8.207769159725283,1
9.753669024900908,0.14823111272903478,1
5.253041326678087,9.314692696316243,1
1.9595049208113835,5.740228919574343,0
3.2819044203192327,5.73330755762783,0
9.012622850553237,7.0201947141004215,1
5.611682235768455,7.766121153587996,1
4.270398485694278,6.909089648104346,0
2.4481965803406105,3.3422590968208157,0
0.7578188124663177,7.358165218933954,0
2.6024910086851216,9.974004350456903,0
1.9360175640761212,3.1494996094239722,0
2.7524418095532663,9.440404986588215,0
5.2117913464795755,1.2197094552582233,1
3.6697578835201394,9.602004184963192,0
4.449248226059853,6.077888301100371,0
0.610877090900841,2.1975925691036946,0
4.4094048210117425,6.606311615835642,0
6.730115672326699,5.890044063085574,1
8.178736793030074,5.261769258570263,1
0.7023631217884163,1.953981837546025,0
7.025172295142793,8.085873192320877,1
2.9608540278069198,6.206791459373678,0
0.26883961883252705,7.607182738619931,0
6.536766852043635,2.2440744161048776,1
6.4515913411715875,8.914932356739255,1
3.3192504424544236,0.02239082197322384,0
2.3158399241278405,6.390304938559348,0
7.102618207279398,8.166802143423737,1
1.655179411579315,3.1874347319217855,0
6.771380637381155,4.46684957280527,1
0.3524699119998276,8.844854956008845,0
1.7916739050527075,0.6158723182953407,0
1.8892639588009497,2.121451027559489,0
5.524035077282825,3.325149556502872,1
6.711386842487887,7.689587354347357,1
2.041100091949705,4.81811210634125,0
7.944986858264712,3.073898783341218,1
0.5469880233705637,4.622352544964794,0
0.9515453125618734,2.4655083096716437,0
4.964184608256956,8.861066655021197,0
8.574906584482918,6.577334996499195,1
3.8116321551433066,2.706261621702448,0
8.555029617084886,6.523999787400927,1
2.6821879856529787,1.8635593330502875,0
3.422857404891564,6.034409153547412,0
4.335005530485442,2.3507953384417615,0
6.284999762331833,9.881404051115496,1
4.360563434788877,3.955355245678769,0
4.083888424458433,9.180333875384484,0
4.122607807051159,3.1013974651249554,0
2.9217562806590367,7.541131702171937,0
5.195626474907077,8.65720600333955,1
6.228594129015336,0.9862521867594376,1
6.320777330193503,0.1931599921524041,1
3.2311167657255435,7.115858431834498,0
2.353971552293004,0.2510866865011474,0
7.891716346373569,2.9728898995704887,1
5.586619574801759,2.248527557014448,1
4.869840655313464,4.225669335364275,0
2.1843446345884185,9.076464488691311,0
4.536439984903701,3.722290943735933,0
5.850435620447363,2.1658161646979335,1
8.872121809465025,5.221309219153227,1
2.0743583225887807,6.104213729480733,0
0.8189188796155777,5.450737489197643,0
2.969579807720908,0.3484322016605512,0
0.5048718182475709,1.6257973311305418,0
6.269075666937926,7.8007559476521795,1
5.027865773325768,5.350911926895087,1
0.6282011605468263,4.951487730601589,0
1.0531076171546094,4.75272797631686,0
6.198547817331644,3.844821337322725,1
5.500095680428437,1.9736152774262716,1
9.195285459132311,8.883951456108836,1
5.518228950164693,8.081092472940647,1
9.114124846035823,6.630974320907851,1
1.278976020250061,7.399384104224438,0
9.246996598521699,0.31588547828095837,1
1.2783048470186864,0.48621412260552166,0
6.1269649142871385,2.3403712018128795,1
0.003682788680370308,1.1954385153540126,0
1.1220750654250267,0.7379867831281206,0
6.112217350195536,5.366318566291149,1
0.5639414106560281,5.726141791411211,0
9.093722740224614,5.210849200113948,1
0.6913412572642164,1.8512817678185967,0
3.976571700746603,5.773109863795767,0
4.275727063444114,1.926891434933078,0
7.560532979578466,7.308381678030545,1
2.9822788506952125,4.114441385877806,0
4.983253197884739,2.177438291952413,0
6.488009551691122,3.891032178329017,1
5.446267688073267,8.51729969297746,1
9.714665894300452,6.674142177197369,1
9.509544561161821,2.0243404078477956,1
2.757439841071455,3.125936043276678,0
4.355969448450995,8.111500104594967,0
0.5631319965123138,9.997652803057695,0
1.3808700789376327,8.742774197805725,0
2.4896166446317194,7.592433256638999,0
5.4596435107356145,9.240380076551434,1
2.029893736949624,6.09316917072367,0
2.018825957108219,2.6193781128742675,0
1.7409494757187993,0.9662774462254042,0
8.832659761204502,2.6709180339629377,1
5.633150760164294,8.246000263283737,1
2.0292197512598307,9.705970039488601,0
3.066307459969341,9.004623394920964,0
7.010668550470189,1.1949687318183,1
3.2544151627342996,0.3302055265342796,0
4.450289849789098,5.774131924868403,0
9.024400584300952,1.261013927522362,1
9.233518292424938,1.350658156532023,1
5.536953831066281,5.469282995038894,1
4.788799912139514,3.4082507080283175,0
3.7200886310233363,7.9544307844724,0
9.310631865829668,4.287878192167632,1
5.9835197507131435,3.714206863705831,1
9.825281366622171,1.4795498983864463,1
6.12926161889669,7.207942200085573,1
8.107698814267183,5.1870121773122255,1
4.615415973402857,4.713410493881854,0
1.9651672547508592,7.372250872882055,0
9.591626615966653,3.9457243368571984,1
3.425473451242792,8.850822548694913,0
3.2192607984757906,6.137807719514131,0
6.750720211242483,2.4902890461745706,1
4.308771901523079,6.466395181714742,0
5.738851357777717,1.6603087014332063,1
7.392581410787661,2.3871481475677,1
6.3330144299976086,5.371886132235492,1
7.928434393849965,2.1032346697585136,1
0.560982613435006,4.213197958423623,0
2.7240299146403677,7.062954353132821,0
0.17615111069141598,6.960683521077282,0
7.668530653048818,6.186642398459923,1
9.341872206924398,4.112834165620573,1
6.741542981732867,2.7015699258736205,1
7.0967615121429395,0.744162865058321,1
0.7851802093050486,4.215243625210904,0
3.363852528355781,8.019350969708807,0
1.9634048111477298,0.754381581281528,0
9.626547895952445,5.234335442713151,1
5.929675818726668,9.385993470185044,1
4.699350545336673,4.244700327727707,0
2.2726020320800897,9.17589130426962,0
0.646922975658738,2.2891851606335303,0
5.629026172595686,2.6828637179851356,1
2.795165339288145,1.912767430560447,0
7.561768433734992,9.053752281576969,1
4.023316451573122,9.460323990254604,0
3.9932361907743563,1.9581313115305143,0
0.6647769403774684,5.1163231689873925,0
3.385891664108228,0.3794375033145614,0
4.729299907777121,0.05796148817316382,0
6.792504882720109,3.3305029823073107,1
8.592116591530898,8.386213729899978,1
4.6045928254572335,3.731077079891678,0
4.6298558572441895,5.099827393072084,0
1.2046696859353812,4.788688304454981,0
5.380035407179706,9.268529168062344,1
9.429902875894054,4.651720299499848,1
7.723817141835996,8.06283790049339,1
3.8202442315382914,9.681159205876273,0
2.3264524570673273,6.060364645207392,0
6.204627316871234,6.521248961214691,1
5.165432761416332,7.103508037972286,1
6.0646232632103505,8.474956532123556,1
7.584628549035452,0.10750838025888054,1
1.0399093754523114,6.712204429062347,0
9.233963331130743,9.60292083519504,1
2.101657261526222,9.388892322944118,0
6.32199781685156,5.050524012976273,1
0.3873473286364959,3.3038420435649662,0
2.7139444182485817,7.629824715494438,0
5.262331432982332,0.15085394654071438,1
7.306323724893228,8.966707370316692,1
2.7976085092636973,1.8856776322401314,0
2.8625055754527864,9.494212248144906,0
2.977056906367501,9.092325273392628,0
8.477983608498107,6.980802523990064,1
7.94274720247229,4.193092757643834,1
3.64995432781103,0.4873237786439055,0
0.7564049971514286,8.122146886844643,0
8.654889089119044,5.870090264445924,1
5.384332571544447,6.343845956577252,1
1.5387596532471992,3.846267921732439,0
5.525766357540769,0.07433777660325491,1
7.147031946389987,8.974455765427084,1
1.376321892157163,8.614117245506344,0
9.515642852371158,7.213899407346612,1
5.293137131868342,1.78191400817296,1
2.306176870713296,3.6551796536768952,0
1.2759733669361528,5.144453182655907,0
9.095967082038545,6.332768003087486,1
1.5353637883074611,0.06554134851723181,0
5.873436017544024,6.230758482272696,1
0.7368652866494163,5.938546492207002,0
4.348069610293553,0.6112450943031444,0
9.444513181434601,9.448035862081461,1
4.932675370711596,6.704700664174563,0
7.029252958003161,0.11856875585833593,1
7.623661301810895,7.783823490676905,1
2.826930789132127,8.023790574289961,0
2.349053911540635,8.86617758273293,0
7.883495084474617,7.525735454734615,1
2.034881992910843,4.924188005465484,0
0.4121830213670308,6.973656147230555,0
7.955049846562173,1.4083362317360992,1
6.709491477971497,6.708169058194375,1
0.32653686760598766,4.029641808225359,0
5.560069879269237,5.936216228344336,1
1.747496468939932,0.04630796664488179,0
4.835847742959242,3.255191674082231,0
9.139531741871146,3.7744162925253932,1
4.6808817032137275,3.253218312915056,0
1.7172874062734533,3.176142766253175,0
6.83138651192562,7.1467747306760465,1
0.5138850650216265,1.7613142207534793,0
5.43013776462748,9.564624444583627,1
5.945038683211856,9.809252701628166,1
7.8117683664474304,8.287635096436821,1
2.4202307121815627,6.163271012594418,0
5.483892519213587,4.4238761476104385,1
7.739038270387507,7.441578024122293,1
5.292820623050455,6.853940545474052,1
4.9998448204399635,7.4221208856987095,0
2.8190836033564093,9.770220162664414,0
3.701070643445392,2.5207223758837283,0
4.9879692352233285,6.398926596129186,0
0.1200725506510869,6.981770716897477,0
7.073668897761159,3.5682177153417083,1
2.0855813642987355,5.118671887460201,0
4.85792777040992,6.534204464108687,0
4.252087801171362,0.5982409705207026,0
9.133765184948254,0.10086744553257865,1
1.4841724070431384,6.6564458019584745,0
8.52076956418885,1.3681473114957143,1
4.449481248655771,7.999009994234879,0
0.8653747876102746,7.994349162842055,0
5.163133078303966,7.6709939759780275,1
9.215231688250979,2.8366115624831076,1
6.7097098945966405,1.5969983685247546,1
7.136694003808467,5.236575301696885,1
5.576167145540661,8.250942965624434,1
7.755489531631071,8.759040861314366,1
7.382263677998776,0.8444637765120233,1
3.7708041201799247,3.4629299237925126,0
5.553212794825316,8.786018850721574,1
0.25606995241180264,4.488079270305287,0
9.490386980896075,5.075248087067232,1
6.891238638077461,8.281729576615435,1
4.05065718757439,8.827379409646937,0
1.7328882775953136,7.459756411642019,0
1.349548399366196,4.192891202619279,0
7.732247906679443,9.318022383930657,1
8.785864979429773,0.6903249027204506,1
7.101958813663512,3.597732524966416,1
9.145557560168019,1.0198936060854658,1
0.7389760671635048,6.0841604009585435,0
3.93577765264018,2.9624428823781757,0
1.4596927459455789,9.635835992378905,0
2.6179128945436814,4.243789495042369,0
3.6422396714104446,2.807583152182472,0
2.6383449701941855,7.246969767181791,0
8.62592368622305,0.9319141521647645,1
6.578008201623038,6.525911045176978,1
6.962948133548626,5.429455455901932,1
0.14638380488637193,4.2870527917101615,0
4.146623179163606,7.60542194708322,0
0.4694125974925345,4.25905738052056,0
7.255364781673138,7.733659979214547,1
5.032824564570114,7.020195717444313,1
0.023683812811949867,1.6756683424404084,0
7.194599520290373,7.570360369374999,1
4.560592281087656,6.315991595724525,0
3.3103698499519574,8.575671535432566,0
8.10962056743963,9.865089111900993,1
4.761849988623224,0.3078359336656544,0
5.708076325497174,9.735422714335144,1
8.689430241506653,3.023218366834265,1
5.030244566671547,8.922592528890767,1
6.405186374429574,2.285934219368934,1
8.516246127814103,6.55388944688073,1
0.9325105236097486,4.783176874690658,0
2.087493720196827,4.583737558510177,0
3.042057322328585,4.0652997634178965,0
4.475399905469423,9.792195773540357,0
5.504660028940355,3.9838982599372654,1
1.7608255010751717,8.005730031580423,0
0.6045091707675487,3.166645364764676,0
5.807588843106524,3.1668973294723965,1
5.40723523757045,6.470416332656111,1
8.202250442117716,3.6276430036199403,1
9.695946625380445,5.442972577651623,1
2.9704611657035294,2.3428115507789506,0
7.885710349486006,1.661898949102738,1
9.212634253522447,8.56449524632092,1
9.603339991055178,3.5018407604857793,1
3.947309588256064,0.5303264346738612,0
6.187312473197862,6.634129433297735,1
7.680706719679105,7.364846220476121,1
4.3604803719245595,5.788799562960412,0
3.4828858468281165,9.990713674913534,0
0.7260372722451702,0.6973126548917474,0
2.4994349502939373,9.321205968941737,0
1.590301494852866,5.678417358562075,0
7.629161066407979,4.764486172277974,1
6.118421111164772,4.498417109234026,1
8.967894235641333,1.7750821884946122,1
0.6101663347272857,1.8471732980079814,0
6.177338254022304,8.441776629647466,1
0.4941655607929296,2.089946955683255,0
2.265273691021589,0.5417170428476858,0
0.13165057456167473,5.858479378610727,0
6.3097871298010215,1.6906774508004485,1
2.665445069026445,2.9868672666598908,0
4.297227915923838,1.2844267423635314,0
2.3921992936413936,6.268874346477347,0
8.544589126859062,1.1440426185470465,1
1.161489989901211,7.277721205169766,0
6.560320410900662,9.760558771543518,1
5.546795288227959,6.001563783113943,1
5.962041225013576,1.5659333523335173,1
9.45465710509512,4.458627988158118,1
3.1809352670462365,2.733820684317836,0
2.385558674816153,4.613150113446036,0
8.858914852596383,6.866193662933544,1
0.6978281920848173,0.18164241488835775,0
1.3379104165202627,8.44219582152294,0
3.4088517959461417,3.255466199066177,0
3.975794512908255,1.549572529414348,0
2.885299889758175,2.2772246910897054,0
7.62623896386766,2.1793267996000374,1
9.71033557421462,1.8209639982567594,1
7.272170307842227,3.757503522860107,1
8.136818984503654,8.271439108039845,1
4.542527789387945,8.720221902325422,0
2.0775909292171058,1.7507671346518439,0
8.360178472145943,3.401515190706758,1
3.84527691334858,4.391342006802469,0
9.379346795371994,0.7475994599096503,1
8.264772406648023,3.0732407030407725,1
8.779183661795084,0.8700175146938294,1
4.358958194297752,2.2562112240217336,0
7.3658199666803785,9.254316054693668,1
9.212287573277479,1.2930471781309272,1
6.1340646798258,8.537604021409532,1
3.4006401289193255,1.28537795149537,0
3.751576916326962,3.393019353028511,0
4.0251133206862555,1.339547666361759,0
9.297156781525223,0.9038416419438589,1
2.385746008917129,9.441651433077713,0
0.48919824527918876,5.994806810615937,0
4.597275524753876,2.5870087853172286,0
8.310200029534805,4.185783943446424,1
9.829466340559087,4.9292562019307145,1
0.23892176451394964,7.194426578081341,0
5.241252862600625,4.981387500118482,1
2.211245740566825,4.42234952063436,0
5.098095139224892,1.1982609478776052,1
2.3607148280523136,0.6771003645648843,0
4.758701306304073,9.95380411989997,0
6.8451495725307705,4.81455617769514,1
6.115761753342448,3.6059504763707495,1
0.2788407543897564,0.3321049123527897,0
7.666183501476754,9.848741677352605,1
4.852807781613729,9.344715073480511,0
5.473127957999241,8.974284644323523,1
9.20787758835247,2.374197937265752,1
7.128432482771413,8.50611907109849,1
4.5882786841772845,4.096409648216392,0
9.813052078941158,8.960813685148604,1
6.559007488748033,0.6126861525988281,1
0.021235078210600777,5.335523847936195,0
6.628466102611057,7.313594429105978,1
6.530892937828218,9.808446580093639,1
3.905047151912191,1.1503669144005835,0
7.304575804662758,7.188394583400509,1
2.7048470432621796,3.7132522996588193,0
6.153036115030487,2.110315875622193,1
2.975132066368694,5.7110595758401885,0
0.0926168226771229,4.4762644907416815,0
8.86263929219561,8.431045910149633,1
9.561731933253663,7.0288995344403755,1
5.279377625174416,0.11699498929768404,1
4.534110454307644,8.055011281602129,0
4.808207357817605,0.5691246989823096,0
0.682536994409817,1.8283876149109723,0
2.198766241885192,4.0857038408186375,0
8.9495859048091,8.503511602076916,1
4.030042060812681,5.470958884295784,0
7.27489649600891,8.694926814604525,1
9.65837070734063,0.5307610478520708,1
6.227784113335516,8.123326401805498,1
0.7327667240296887,7.270110899597803,0
9.243526344251812,9.73249933547391,1
9.056048140888858,5.7374220843300305,1
6.814396286049069,8.27238602549471,1
1.3968188708587104,9.505033044747744,0
8.293824227120753,9.652055438036449,1
9.975166016623772,8.729137450921458,1
8.429269341853765,0.4844080458803979,1
3.8475033225331803,9.330083971811918,0
1.3955319302015534,4.418894541515578,0
4.695379859720353,1.2700742130503717,0
6.976960274976917,9.199757167537673,1
9.252814406262601,2.1071917649486247,1
2.874502292694813,8.861830797982444,0
0.8733197018485905,8.303252693477813,0
6.060773740548244,6.5311603033482974,1
3.270161382500577,8.581007313943317,0
4.87232821409583,3.3684567738148843,0
3.7296013724829313,4.8724179212633345,0
8.73396740797962,8.522617475645745,1
0.5577505318254194,7.996336266469916,0
7.068922825013776,2.8282407775084852,1
0.28116563415787943,0.1567855994485301,0
2.2585582119238614,8.67960342509275,0
7.519385739251211,6.512377741129189,1
7.965471976715631,8.86839429412057,1
8.989865478478205,0.9326362092447626,1
7.627328384139122,3.8443447637403603,1
3.038657235240768,0.732154409596828,0
3.209053453270264,1.0603352876927274,0
6.944293187287257,5.510986850580071,1
2.8154211113403815,5.645123944862575,0
6.503947289512999,4.399836855769788,1
8.70539593412747,0.3889488115529782,1
4.220813503614482,5.040144255108321,0
3.683153957035347,3.478619165520503,0
8.111316091443099,2.3875001501690027,1
0.9575569875460355,3.5464954772627397,0
0.46248060466184127,9.708244429409332,0
9.202067090989473,5.166411208554407,1
9.24528359549641,2.3182076295889074,1
8.337360454312513,6.961537287458089,1
7.646563593625897,2.8485499561997294,1
6.453194785667503,8.250323836689512,1
0.040143263860987766,9.950423412142689,0
8.026001923443932,5.469300149723812,1
9.276175395893135,8.931121782085121,1
0.10466931384264799,2.0655143363570314,0
8.1678738022541,5.6191159811401326,1
9.788678707355828,6.844137592051145,1
7.586368106028717,7.667751860837352,1
9.862216131944137,1.8943784299977828,1
2.1844250142953037,5.106857908034913,0
0.22888100797667899,0.9131272327589823,0
1.188946876420609,2.7525865247331636,0
3.091763640444735,5.413854471714049,0
3.70841061723173,1.2939751594938753,0
4.139502263868085,3.2110885781117204,0
9.899549397746227,3.42408939673399,1
4.659980740079302,1.8370252767672346,0
2.57297266492594,8.38977443380405,0
9.822488433988447,5.806526894297411,1
4.647289619239863,8.641865412011168,0
2.3679867128300724,4.140439074441652,0
6.3957289328921005,0.9448340146796763,1
1.5947259000340264,5.637631229151894,0
1.8719591714288064,5.071226525029985,0
9.239724756983039,5.683363863646621,1
5.914344442873571,9.956009599394772,1
2.996522836054425,2.341042086861045,0
0.9183887544537495,4.743358612494238,0
8.763152792995761,4.438832120540608,1
4.516804020997428,0.7411935406840764,0
6.602322610061786,4.881553343156689,1
2.8812435142915236,7.666807949794282,0
8.174346528712585,9.480218950473189,1
3.8207806849583092,9.826922714022372,0
6.17620970124078,2.4669916658122504,1
9.83380409027497,9.095425122966219,1
1.1055164033134302,0.2935262636911373,0
9.232531304502832,1.1580473857506024,1
8.892453152767386,5.433419896457503,1
8.824906446971664,7.898114232538189,1
2.799469562546113,0.6507302055778941,0
4.002594198267412,6.1697615015654765,0
7.824558649028988,8.718516778910699,1
5.712140878536596,7.5869008563269045,1
1.019952053754405,0.8716971410737884,0
6.039609490052529,4.1539976518098864,1
1.3126390535658394,9.618819310442007,0
0.44269352774599535,1.4221025285373246,0
6.305648844849162,9.705857630419343,1
6.237075891184265,0.30675192942508867,1
3.501595223013785,7.973381446291219,0
7.945847007838119,9.894367457239087,1
9.903669794072504,4.589012884608277,1
0.505034503799916,1.7756475422056028,0
4.788459710620546,1.6032120138764716,0
9.684782990229019,8.574618388635596,1
6.557751523685793,9.765956560085604,1
7.907695044830981,9.892876645707455,1
2.166048365126164,2.4784453796791306,0
3.07438168479093,4.253765230490934,0
4.405182054315411,7.870227967855846,0
2.301059081743656,4.266064895508425,0
2.522560867284296,5.023728248462881,0
5.851324023499519,9.8128245390323,1
4.025237189418891,3.319093155176404,0
5.780771331317459,2.2703359593290093,1
6.320286755629417,7.503964355200219,1
3.861160015896379,1.3037014922457935,0
6.040882805412067,2.581351283753813,1
1.624268587487362,3.205567051556045,0
0.5738476769063661,6.795530935991102,0
6.663600062129102,4.518374992564347,1
8.033831735635728,3.1992928127658162,1
7.257110875239014,6.696536538156189,1
2.6932523943219513,7.07950364040237,0
9.184905661418098,2.2472189986731514,1
0.16922818898100545,6.300752465564193,0
4.527589482957371,6.556081673896246,0
3.6961550604257964,7.867512590804834,0
9.639412528955571,0.27884825732258034,1
5.1625578499854194,7.226192294959322,1
4.889322533461104,8.15256857593212,0
4.004639004735308,3.5374522733926064,0
9.35331970962591,2.12531577943031,1
9.764329601930763,7.9939347425793255,1
0.23894425529208285,1.0476686407283742,0
7.675178538435476,8.475059540394449,1
5.983719066688878,6.682020983186115,1
4.0441256378737345,7.906694183551702,0
3.6962814644795716,9.903708636370327,0
8.38628685652429,9.522960653470477,1
8.638809934115645,8.397263223611583,1
6.978592261441337,2.143256568884703,1
9.658183750780022,6.228996840608664,1
0.5973422224096414,6.2643468099294255,0
0.7797354220076891,3.5185178699048714,0
7.928825237878552,9.410015411103888,1
6.684591041985193,2.725597394936793,1
2.4228379619904548,6.913494649969447,0
2.5208000123649876,2.3596515636189075,0
3.1140022234570495,8.214001970566166,0
7.118547545471662,9.410224391687631,1
8.779493429784857,4.214840795722342,1
6.411089740885261,7.66633173332624,1
7.00009434324304,5.9140871037623155,1
8.44111755454271,3.645573188697856,1
3.678480825608167,8.823725802239503,0
3.2453334307306294,5.8451899647000385,0
5.939768706269154,1.1773513098292976,1
2.1135878186335155,1.347120532916919,0
6.627452156818395,4.064511692795335,1
2.2672324043628214,8.837201204038575,0
0.8032732352414107,7.78500263195164,0
5.547913713788325,8.426545115077277,1
4.402591332157636,8.338908210059042,0
1.2709033713020734,8.017579645299774,0
0.47217398648889963,8.019690734801472,0
4.636096126168768,4.8022507836349115,0
1.0787262072880155,6.632148138674536,0
2.0361103364182087,5.6287500458074184,0
0.14790631503279417,1.9883223705928355,0
4.065118909806902,8.471518014305445,0
3.3666987076366537,2.5002304024810518,0
8.369538303982434,0.18111440899391984,1
0.1765200612922735,9.054687807868516,0
9.558166503861717,5.890170464154093,1
7.610270050576819,3.9469932270598242,1
2.020261125135825,1.3861660992096148,0
6.249869763583197,8.230278165446828,1
5.222793676980176,2.63487322141117,1
1.652701971211329,9.048547666172789,0
9.320520448497223,2.602469479109325,1
9.541679338001314,4.6858767278400295,1
8.534898294599747,4.289114912177188,1
1.4948485442453774,7.100834239002369,0
7.111965065541673,0.4383617624973801,1
9.997652646182342,8.827209753128,1
5.396688799846597,9.40845741512475,1
0.29487503649223146,6.480197805157053,0
5.6501321314830815,2.718003419466158,1
6.850460444247436,6.059823802549006,1
8.552075807903378,2.035960525184305,1
9.48212542692178,3.3377929489168014,1
0.18533005159884652,4.007699873912166,0
0.19778765562780465,5.195591876697689,0
2.449353092326544,1.7132696837763828,0
4.221858931126904,7.489813288682955,0
9.756670756222608,9.352726959969903,1
3.6233769521151515,0.6340278711449487,0
4.378109341146509,8.121505856660498,0
9.503056489394911,8.39871122947742,1
4.862378656832139,4.481459683623118,0
0.9986907304614556,9.812116246292298,0
8.949639311648061,0.6034877302069896,1
2.6479421068875797,7.365623710536465,0
7.74810119274775,1.6841786330701225,1
6.362099107613709,6.956422133571543,1
5.951264731614509,0.9336516230541003,1
2.298858426147131,9.277930095061537,0
7.73364114827687,9.17723638295221,1
6.479901293658039,2.0112413128145503,1
1.1544389372720665,6.290112710635944,0
6.425238817978815,1.3189325790743744,1
2.6734271094393938,2.26188394922025,0
9.960390082957353,2.92006040784056,1
8.721171921057895,6.433305723591053,1
5.1138045260147695,6.691664170414593,1
7.692529335080634,6.986740252109504,1
2.2672710483690786,5.136782105090127,0
6.711721024274802,0.5208929344000901,1
1.8504809443184755,8.465330325223238,0
4.697398519261096,4.080342144492745,0
0.4096701139687353,6.8220123446712435,0
7.634504642382698,3.6865034438324997,1
7.639854242853614,3.401145572428451,1
5.042097493652108,0.24470907308445256,1
8.038722048312206,4.3685164363271936,1
1.2688418514076838,9.048683781652922,0
9.118081008263008,7.279834553190421,1
3.86662986373129,4.078602411369777,0
6.055982080229082,6.987281176799619,1
0.18169789019755855,6.115226721995563,0
1.1809547205883741,1.4332113646074829,0
8.94164220493881,4.75849065964991,1
0.5776854350707283,7.794874114675581,0
4.333852599803134,3.731669531117361,0
9.05562488958233,6.933955333977631,1
0.9680604464882447,4.736340550908683,0
3.077890229782867,4.057835397556596,0
0.9200419556799522,6.700121311389573,0
6.037891608461981,6.641723153362228,1
5.980348915650825,4.2830637393808395,1
1.3338239733185209,8.204262091097315,0
2.5996912096153855,2.210812103369041,0
0.8871815932970628,9.474367907842204,0
6.270034817493997,6.949497768294658,1
0.31824486523636897,8.612609242248832,0
3.0533627179941414,5.538451038185884,0
7.622658303430364,0.47436167334744983,1
2.455184945258957,1.3937030537590067,0
5.319221021634855,4.518807229229619,1
0.8314747030957581,0.3737294105422284,0
3.701507772251984,7.388930107004919,0
6.105703487321994,2.1672310576392806,1
9.008962770960649,9.861932278615702,1
2.3622433192933787,8.669500580648306,0
5.389922734880734,5.392546045538129,1
5.426158016881912,5.429073498062051,1
9.880584251873941,1.8102986855525682,1
0.7655552629109275,6.305940762620685,0
2.085035561701687,3.030991862453397,0
3.287662290559956,7.779673618122819,0
6.382885534106415,0.49564667164691656,1
3.3327001685188984,1.842840068360323,0
9.292722065442472,1.0192360983151616,1
7.489204960905376,7.278262759858164,1
1.2783079294847166,0.6198125609868388,0
8.150784947777318,3.4348458277253604,1
0.04165293573089035,1.9042486700976724,0
4.220993196465952,3.5621589080741476,0
4.790508155721169,6.718825774718034,0
9.439892537042061,2.5290566979426155,1
2.565207328470789,8.22382538580699,0
8.206374943000053,0.02479103287524209,1
5.636695152238858,3.9223082364961925,1
5.936926498807395,2.061201680398008,1
0.43030327038529936,4.123338468678416,0
0.27689711573674614,6.243531098426381,0
2.7975709603362473,8.646801747012857,0
3.130422357454594,4.068366603664185,0
8.321846289488336,6.553357336688838,1
2.7710866435264503,7.1491945567269575,0
5.8016915866673555,6.707510431514589,1
8.530242516242684,2.919455029417386,1
4.459052061220473,2.528021970911948,0
0.4634638926909307,7.330994085593467,0
7.587801576250489,9.250430389292427,1
6.129977931767088,2.598581333070704,1
3.393753718699907,7.635190619306723,0
3.6456285238567423,7.13186661897217,0
7.87809242835224,0.20117849953981248,1
8.040997740781975,4.487936025732505,1
8.408398100628812,7.434192888563906,1
1.0284980020732293,9.344545655330016,0
1.4620249486050052,0.9928486941117043,0
5.796491867783937,0.04659425543642404,1
6.67478192659021,6.24581035002726,1
3.3248847346565915,0.19622297183827686,0
7.139225123265229,8.830134314825447,1
1.0846713385135431,9.057265396849072,0
5.5414799564758885,4.9151385429617545,1
9.718455670915883,6.7600788390881394,1
6.794002517449823,7.83194982568201,1
4.666550470404367,0.1625705499401109,0
2.7752045314044347,2.737676028368589,0
7.690124242242992,9.297888044435565,1
2.7065184339376147,1.0098718997942324,0
3.6582059179896476,4.832123616072254,0
3.8407293167531042,8.320322531385616,0
8.475511589668242,5.247583340345756,1
5.761902355785127,9.759647665997909,1
4.7910311645777925,6.139461295206456,0
3.804069206181002,7.49369067947635,0
7.685674655156168,4.943353676506469,1
7.880541656288615,7.063088442330816,1
5.262954402577811,3.5498622057736373,1
2.095810284709434,5.108722700611258,0
4.837000252724576,1.770937520732977,0
4.0685463541214695,8.565783806716142,0
8.172735647568787,8.58679640348375,1
5.080064772309382,6.883174449416564,1
1.25652148477008,4.34116295027618,0
3.3490124113477338,6.741217410715715,0
3.8043322826347783,1.6535734596131957,0
3.608268539353028,3.756125223050791,0
6.320495418176888,7.5464242533442825,1
0.8987668810368599,7.498749941522639,0
2.563743937468912,8.599445546057837,0
8.389272357587064,9.105870828212819,1
8.980710648030627,0.0823819873938425,1
7.173081387305736,1.1348275030060084,1
2.086579302560587,0.7568031755643334,0
9.171911247673442,0.3495211240491902,1
4.83192438686442,9.842532970166198,0
0.868629618597544,1.7731602389440348,0
6.755767904630644,5.765859040854663,1
2.7586637376588676,3.1832925373780907,0
3.75257586830418,5.327527772598671,0
0.3524498003230936,7.147583106130371,0
9.058670664000356,3.4194989741441773,1
5.2705579423340225,0.34684062781740965,1
7.944110049732036,4.439902293852236,1
2.2545333885007057,0.05783876411117439,0
4.664146424394458,5.730020104103035,0
3.573010516462767,3.561122736640537,0
3.7451344460335867,6.610519294060014,0
2.7645400390940478,7.11070167129078,0
7.17804126746013,1.5518620031154673,1
1.5528587960463291,0.76649183734119,0
2.189737317642587,2.5378819799889674,0
0.4039136099563445,4.343421990895507,0
1.9288882018814757,2.1881428852985216,0
0.30440716645442567,2.0359622117200784,0
7.359841536423403,1.2429275537202977,1
5.642304285434719,8.864412270028732,1
5.365512045823748,1.649714760153127,1
0.560928306174856,7.667175068495795,0
9.64239004473873,1.86818298936134,1
8.490603986606214,5.371382780779454,1
3.630332020690598,0.8772357497821714,0
4.190509906067115,3.3674952000113723,0
6.483322100036698,4.618799169463971,1
7.285339169362768,3.3304239664708204,1
2.844011766397011,7.85730223012675,0
0.24414775637502273,9.131736877933763,0
7.373924813893229,5.557729732312002,1
4.674007140073558,7.496141838417035,0
0.9227303074485005,5.1950440333570524,0
5.499393590679235,1.0328952957698623,1
3.867648349567646,7.236540594884435,0
2.275287065712861,8.999053580861439,0
2.8264688972544407,2.9326192905178052,0
6.868139143773683,1.7940626618174071,1
1.2666534149458308,5.359737775188628,0
2.216750079228653,8.322245418096125,0
2.900681699691783,4.62877390719398,0
3.5578930990516855,3.563582104960866,0
2.5238660560431425,8.200441785991421,0
1.457661585504475,4.47345189786449,0
4.139161575421503,9.045376562490294,0
2.5837205636409766,4.200413283688624,0
3.0358999974499676,3.645378013750733,0
7.280185452723926,9.116103901095538,1
3.761741045749547,3.194327566903409,0
7.060177753185977,6.079802698979866,1
2.930692722076592,2.752001855314311,0
7.386536051957268,7.177511635674643,1
0.7593273023262648,5.674090800295688,0
9.108049340314313,7.651331028975679,1
3.2616920255905346,7.963437375307791,0
4.105298975482122,4.83388932996473,0
3.3846617878757836,4.638919045103451,0
7.118044778443498,1.6632766800083454,1
0.6381122643413439,9.430891213979955,0
9.412260667433408,2.1240588806580174,1
6.360292913201011,9.26723170739787,1
6.513433687059252,4.083413541434721,1
9.573244571892896,2.4550703577547397,1
3.4178335342445165,6.477773327070356,0
1.778832016372035,9.97380504119845,0
0.9426821250719764,4.454187568481461,0
6.591485910156627,1.6301950923220732,1
8.595850871279332,6.292501783316019,1
3.7413194915931367,6.370479364158181,0
5.220592789116144,0.23523224041397062,1
3.433200081467244,1.0057780484288903,0
3.007039871818619,4.469759564276075,0
7.694449997587951,3.8897257122473206,1
9.867358918165577,0.6451112808398951,1
6.069191955051845,8.05338332954303,1
6.3676459945638815,7.117208138779773,1
6.107836892068976,3.404588847782547,1
8.514467986199302,6.961412486670438,1
2.0704121092469063,4.156860310499844,0
3.061859039224167,1.5697993463598658,0
5.777774421512998,8.50891537995685,1
1.1194989144741352,5.511950429090966,0
3.5867427764297624,0.8294136864375112,0
9.373132764068119,9.53946882682023,1
8.34142605660699,6.017779915475391,1
5.228807484000136,0.35239233769502887,1
2.0448861835362786,8.440178572944998,0
6.106262913733055,5.653085705691464,1
6.201143685634754,4.246846827440463,1
3.1467617528771994,0.1609127774107877,0
6.901093026637546,0.22376023710765303,1
3.5234967794137773,9.320942286213599,0
1.7668854060142092,1.9041758598897984,0
3.4676299914330455,5.6660912171996785,0
9.65021271098469,0.95645345018603,1
1.8292885895366928,8.392983888199396,0
3.6510897593858016,6.508091629062309,0
3.316584527357932,4.13819783454663,0
7.698444805410207,0.8156951189204431,1
6.026068348998978,3.2894439942839226,1
4.734337258034001,0.46917841213631184,0
8.377556778450366,8.752593157963757,1
0.4889862352230834,1.0723047256125218,0
5.280937452743251,4.992029160322611,1
9.85169724706327,3.567501687342677,1
0.9101657081166459,2.4809506514914137,0
5.9833949935465185,6.644925232347005,1
6.434799799544586,6.4234623416851395,1
6.913479268947279,4.751745180142171,1
6.961671796998884,4.790978983751012,1
4.4399801512497135,0.8664330545110421,0
1.7317668752265147,7.865589442449382,0
0.6364316812496629,3.0863070252747304,0
1.1742851735677906,9.22732161390805,0
6.349406561925987,2.8939188350871268,1
3.816109645080894,8.649358159107388,0
7.544488949407031,7.267403347683922,1
2.633513091471377,5.206830140493732,0
4.90482867930377,3.0635796335920373,0
1.063930131560502,9.481377378871759,0
3.423204219161884,3.884041549959033,0
1.4408504656866405,9.270029667826833,0
5.852573037984663,1.7128442670924393,1
7.677090343434645,0.5986448502142672,1
6.974484129098766,0.9159048970212225,1
9.160638711208781,1.209446603996529,1
4.201891053655817,6.166047666713648,0
6.897734783818671,3.601138346969991,1
6.132405102667776,4.472554262431462,1
1.9433245103483021,7.7537792115012625,0
1.8621723725816797,3.9241470058807506,0
8.388173876759849,5.3244406346592825,1
1.6983583028604265,0.7058399536342541,0
4.064710695576309,2.7060262019874837,0
1.3246622912164896,8.845034346475755,0
7.022383213406243,1.9737649389153888,1
5.420212919256953,0.4059715303343592,1
1.1569743873829474,8.844862206962965,0
8.108389648694251,2.300625025007884,1
6.9804257267855885,1.0957865577425585,1
0.007647240059137639,8.433730754419722,0
3.340860362405941,1.1754842118912923,0
2.0600713540977464,4.626317733287529,0
0.7662620517265406,8.562401309006946,0
8.743316582111994,3.739964121141205,1
8.390453503518797,3.862315139249355,1
1.6467113450180992,0.165198587187102,0
6.158476415337071,6.105518587061844,1
4.652430865375219,0.3756620446184189,0
2.0374197288765385,9.463707039355064,0
7.230792782828887,4.705445927361888,1
5.7913607077639275,9.836289336326727,1
0.1387565140315261,8.09432134644815,0
2.542621200633782,4.163217669526125,0
1.6740997457713247,2.070817026596518,0
4.450516748169341,5.204354857964706,0
5.394341073789799,5.7580284838085465,1
8.18775129061029,1.9572835013228584,1
7.869479055516203,2.708739433545003,1
2.2637295068340366,9.48294985096545,0
4.854137545597496,7.939469628727234,0
3.5363763985302175,4.233595574025025,0
3.7491428386363235,1.249443494941882,0
6.132133222396371,7.46753693001025,1
0.016257457929202968,8.080892763568905,0
9.788697189185191,6.242421815478063,1
2.2053048943814204,0.1664692107297827,0
5.873853916086653,7.547775678830249,1
2.0261643099244218,7.644860097592768,0
8.127129168162314,3.927389495673923,1
0.9536645466989191,7.983643006217765,0
9.04856019712012,8.64197004400726,1
6.862000144559102,0.06406564149372684,1
9.321448719577972,4.30468405620406,1
9.05245738954936,8.959149125076374,1
6.947973657873758,0.1047224723179907,1
9.159086193315954,4.954040871752275,1
9.253588218540939,1.6890414535450027,1
8.061964707203394,3.9041748899128725,1
7.64499461825312,8.427191404436138,1
1.3396329405135243,2.079979558412246,0
5.747910130233081,0.07692379674563044,1
7.924276861281018,6.047069748762807,1
0.7164977377369108,3.3255917751920117,0
7.414768464580063,5.009181631274224,1
1.0366318752295633,2.8815361928837193,0
8.68635257929385,2.8584560566475528,1
3.6384424541088647,2.380800507656139,0
0.42265262027346373,9.093745233610687,0
4.596420509382582,0.1440191188858786,0
4.062317580021113,0.949563407297368,0
0.03383764184564653,4.779317786863269,0
2.7654996448245948,6.870491678366117,0
6.318697638294343,4.1337471390029865,1
7.186334199061392,4.138773385476845,1
1.8729686817672964,1.1135851944831832,0
7.009457240476472,0.6326866294200051,1
8.397762972664712,8.96410837702157,1
6.049024646125213,4.452754374789101,1
6.829627495375902,6.721190046163184,1
3.40061733698527,9.050018182016524,0
4.831318434871798,5.454088838703864,0
3.354584055667973,7.597662086530571,0
6.7570118217067385,7.350241158918241,1
3.175074591916791,1.4880008489337848,0
7.513567051967449,8.437738400069874,1
5.245956634478417,5.6669421473244945,1
4.078220416602866,7.739681042075079,0
6.973872818246206,5.860400521759632,1
1.6446100606406866,7.237473657339532,0
7.046307262192486,9.265261484669612,1
9.857592666330401,3.5978622102792257,1
6.997680126631801,7.697188916515695,1
8.955308149972197,4.8039439141982445,1
0.866557960047103,0.8830392195661141,0
2.4066625809335362,9.589159717986647,0
2.7422742703820067,2.7031947133141943,0
3.8548022768429613,2.5652341491791253,0
1.6265850335068788,2.8013641207237283,0
6.074420050695881,0.621933595748706,1
5.5283751191618276,6.779595756817906,1
9.033551805827786,3.7850955342233217,1
6.2337314516626545,6.288598961293771,1
0.5718017496591243,6.525846122455997,0
3.7524399082918825,9.836777742664776,0
2.7992610099024438,5.819779133488382,0
4.683851409975666,4.736840698692198,0
5.382145360409986,5.699410881332771,1
7.414582102301007,8.11658873623107,1
5.168034432650056,5.516100475332776,1
9.82847829230914,2.6550253100209376,1
9.24944277263878,5.213720003183592,1
6.758974214401567,1.4069908539974607,1
1.4791332053994743,0.9714701352858013,0
1.03849340578824,9.248923446542603,0
6.936627204646893,3.462311002233892,1
6.6715414298315,1.0455952053734374,1
9.870729585929464,4.514098095852187,1
3.1815133048976163,3.5541055464116775,0
8.070162050863386,3.108336618668297,1
6.375517243821892,7.288705622567578,1
8.56742274500736,9.5435472342967,1
4.719336522057334,9.616329871183998,0
1.6659659370790691,0.12475435331181339,0
2.915943603474532,8.5648055089113,0
9.10606269414748,7.575845679171726,1
6.5925646312770105,9.944612975456057,1
6.926694429284077,9.446203959503583,1
0.7000265791386184,6.6892546106238395,0
9.993712231524338,3.127608946193281,1
1.438000151054174,4.153163432525815,0
7.857321634726615,7.9227731796627845,1
4.508535147651442,2.1518890912478916,0
3.627729041085015,2.0652282201227257,0
1.6493640642670127,3.7610479184111645,0
0.255930528888646,3.6967536978143087,0
1.4838057370152269,2.236531794599438,0
0.9677733352866247,2.539510055280946,0
0.046703998638965016,2.1643025454235723,0
5.311539590243301,1.6465409909049034,1
8.31049940235571,2.4596239839228318,1
1.1787305385063829,9.514583031339999,0
4.426446151132506,0.2739277177872279,0
4.057594025265056,9.67867053373396,0
0.8121915914218114,4.730977217446624,0
4.061027982853217,1.1170065474515656,0
3.7456945143295926,6.9326026679294985,0
9.054479238527968,3.3272744047289193,1
5.509061042194895,8.538672464576203,1
1.830024927763888,6.200872295689709,0
5.876825522057314,9.028377418093406,1
3.1478404595591125,5.114520311737609,0
2.777548325180126,3.007842416760418,0
5.331094209036449,6.124270429786424,1
2.827312169904382,9.028770444741085,0
3.020494531871142,8.146076568398634,0
9.087069399737276,7.0234179295656425,1
3.7747252318183877,2.7339820200593588,0
6.089714201677049,1.883814920711846,1
6.961797024978782,8.329383226102106,1
0.4478727687853745,1.1388281126508182,0
6.278530753455964,8.560779465766807,1
2.003678972433336,2.3485311058895677,0
6.043040428189112,3.712407013408102,1
7.75096510603147,7.7027207199756,1
1.8051885502668141,0.5475937830240896,0
7.539868585601757,3.3875470549797426,1
2.6415297514423797,8.10399012169465,0
4.336035127666131,4.1938919648800965,0
6.627361112279305,3.87213175506656,1
8.387417259862861,0.6476212566851836,1
0.13663317582661705,6.258620271450842,0
3.7840610190497603,5.820996610024408,0
0.7173036519004317,2.768381075023716,0
4.9835756793018495,1.1152355311643813,0
5.827895570940916,2.7495984959980935,1
7.2041704981040136,0.8042644599890048,1
4.414053849851106,1.6710913940569694,0
5.438537296527973,8.032574302489747,1
0.21232303276102482,9.574050497086569,0
6.595899708101945,4.5739321506860255,1
9.996524963713712,3.2549072481208094,1
0.8880431539086331,1.0537372961565383,0
9.123498365562714,5.002907870547019,1
0.9543611172962307,8.19694637616555,0
4.751197862230242,0.14137480748928843,0
9.331905316897465,4.132488751226129,1
3.006232247576963,9.010990791331391,0
8.159308320524477,1.09549648240577,1
8.575819258294825,4.338394553855825,1
5.279849328447076,4.3983591031919484,1
9.222683011520663,8.381695272698291,1
9.361718417486465,1.5944720322663353,1
6.2174117583495425,3.977186182096518,1
4.468092483495717,6.241664045961319,0
6.6371787986506545,5.485535923251385,1
9.188656324202295,1.2523472178852202,1
9.751596117612845,9.838162643312888,1
0.38411419601908636,4.246647279078894,0
3.6399665469671296,6.69129793605182,0
6.94097211065714,2.921907870496283,1
0.4441007952832743,3.2586754366098116,0
3.5459453495076874,3.8721316802301073,0
2.292601846854864,9.184630360136609,0
6.670957288718926,0.9159804476712163,1
3.971211800948242,6.8827139505313175,0
2.682145885608478,8.00122581469546,0
7.1138461168702705,8.634209138387886,1
0.8470539797603849,5.511263623792964,0
7.641936509316397,1.4702716160686347,1
3.1027676473865418,4.556694317385203,0
7.472621614163768,5.681725536571351,1
4.076270204070193,4.485004183634764,0
3.837327251428925,7.835292054767022,0
2.0179585958437762,5.249613676394801,0
5.7814793168913345,8.336883831134335,1
0.2721828678004268,8.209268391159473,0
9.691400182463605,6.047142112110739,1
7.369638110792819,6.094373894035012,1
4.008216588611939,0.5542730578896682,0
3.638909209334167,1.193256144930489,0
1.386182021863227,8.659058280209024,0
5.495330000720294,9.525609850145429,1
3.60562795023215,3.455933870280999,0
